00000000000000000000000000000000
00000000000000000000000010000000
00000000000000000000000100000000
00000000000000000000000110000000
00000000000000000000001000000000
00000000000000000000001010000000
00000000000000000000001100000000
00000000000000000000001110000000
00000000000000000000010000000000
00000000000000000000010010000000
00000000000000000000010100000000
00000000000000000000011000000000
00000000000000000000011010000000
00000000000000000000011100000000
00000000000000000000011110000000
00000000000000000000100000000000
00000000000000000000000000000000
00000000000000000000000010000000